ptp_trunk,condition,new_pa_status,accuracy_type,border_dist,sse,intercept,learning_rate,asymptote
5c9a698...,landmark_schema,both,correct_exact,3_4,0.18632091929849,3.95370098188095e-06,0.0226708921956225,0
5c9a698...,landmark_schema,far_pa,correct_exact,3_4,1.36594162487199e-07,0.000204539803960305,-5.69852006444239e-05,0
5c9a698...,landmark_schema,near_pa,correct_exact,3_4,0.748179467846324,4.00324641219624e-07,0.0477406007489481,0
5c9a698...,landmark_schema,both,correct_exact,all,0.174654407873683,0.0372230984561592,0.042770994087332,0
5c9a698...,landmark_schema,far_pa,correct_exact,all,0.234997902744903,0.0535415716062411,0.0228696688876623,0
5c9a698...,landmark_schema,near_pa,correct_exact,all,0.832298854805763,2.09233665356807e-05,0.0888014629104871,0
5c9a698...,landmark_schema,both,correct_one_square_away,3_4,0.209843520043798,2.09082991641197e-07,0.302865119765763,0
5c9a698...,landmark_schema,far_pa,correct_one_square_away,3_4,0.779279505567606,5.1657748107745e-07,0.254102088477812,0
5c9a698...,landmark_schema,near_pa,correct_one_square_away,3_4,1.06836862518289,1.06488593803995e-07,0.393181255479309,0
5c9a698...,landmark_schema,both,correct_one_square_away,all,0.102155769516995,3.63232332239506e-06,0.369326001833091,0
5c9a698...,landmark_schema,far_pa,correct_one_square_away,all,0.200850299857537,3.55645881085552e-07,0.365025095201543,0
5c9a698...,landmark_schema,near_pa,correct_one_square_away,all,0.320013395832086,1.31635853739541e-07,0.384755593642516,0
5c9a698...,landmark_schema,both,mouse_error,3_4,6144.7528372598,262.074940452381,0.406090708642416,8.59412261526462
5c9a698...,landmark_schema,far_pa,mouse_error,3_4,14893.709834489,306.927705691913,0.369543205749457,1.22788548185663e-09
5c9a698...,landmark_schema,near_pa,mouse_error,3_4,1383.68806930214,222.253045591007,0.538540831756553,18.6137134496507
5c9a698...,landmark_schema,both,mouse_error,all,5015.01526647636,246.345720199416,0.361918065678328,6.00320976951122e-10
5c9a698...,landmark_schema,far_pa,mouse_error,all,6803.6816859612,262.091280901589,0.351466706109029,2.98046442175113e-09
5c9a698...,landmark_schema,near_pa,mouse_error,all,3237.19088950047,216.978025735891,0.418050917197971,3.41904468410893
5c9a698...,no_schema,both,correct_exact,3_4,0.0965323405888959,0.0271768006272374,0.00431247257432942,0
5c9a698...,no_schema,both,correct_exact,all,0.150725776011587,0.0293354678143241,0.037657384186905,0
5c9a698...,no_schema,both,correct_one_square_away,3_4,0.540775881876335,0.0398398040589477,0.328673590506856,0
5c9a698...,no_schema,both,correct_one_square_away,all,0.116797650886274,0.0340329033841825,0.347554481235444,0
5c9a698...,no_schema,both,mouse_error,3_4,3780.20865443602,164.647014079119,34.1806644498363,63.3418400193004
5c9a698...,no_schema,both,mouse_error,all,1323.82734073387,241.289432877934,1.23449785162349,59.3500561690932
5c9a698...,random_locations,both,correct_exact,3_4,0.09221273205884,1.12185149086953e-06,0.0327681037066102,0
5c9a698...,random_locations,both,correct_exact,all,0.189218102516503,2.65039503558643e-05,0.0979771364480254,0
5c9a698...,random_locations,both,correct_one_square_away,3_4,0.535965655836919,0.0149529477115706,0.101438903170638,0
5c9a698...,random_locations,both,correct_one_square_away,all,0.185361851239441,0.136021444529472,0.181871975846163,0
5c9a698...,random_locations,both,mouse_error,3_4,9225.22994538276,163.794902190221,0.0970122368341918,2.70712683060345e-08
5c9a698...,random_locations,both,mouse_error,all,1907.84148591845,129.383726696088,0.137348885940633,1.93256972415697e-10
5c9a698...,schema_c,both,correct_exact,3_4,1.17880918268739,0.169188702489,0.143528907341252,0
5c9a698...,schema_c,far_pa,correct_exact,3_4,1.50000000246002,0.249983010526961,-2.06982581027974e-07,0
5c9a698...,schema_c,near_pa,correct_exact,3_4,1.29622223835875,5.13285199728281e-07,0.36662913522945,0
5c9a698...,schema_c,both,correct_exact,all,0.308740831756033,3.50833633417589e-06,0.216064743476588,0
5c9a698...,schema_c,far_pa,correct_exact,all,0.116228553108102,8.59188002462705e-07,0.178602735015011,0
5c9a698...,schema_c,near_pa,correct_exact,all,1.29622223835875,5.13285199728281e-07,0.36662913522945,0
5c9a698...,schema_c,both,correct_one_square_away,3_4,0.193885315952859,0.00106398628186584,0.565821353436283,0
5c9a698...,schema_c,far_pa,correct_one_square_away,3_4,1.2539731870708,3.90617470844258e-06,0.235558260258866,0
5c9a698...,schema_c,near_pa,correct_one_square_away,3_4,0.0386092625228505,2.75989209720247e-07,0.990777161977349,0
5c9a698...,schema_c,both,correct_one_square_away,all,0.149369318033767,0.133736082577648,0.546730980903068,0
5c9a698...,schema_c,far_pa,correct_one_square_away,all,0.271643206754065,0.195028312417432,0.404756538117213,0
5c9a698...,schema_c,near_pa,correct_one_square_away,all,0.0386092625228505,2.75989209720247e-07,0.990777161977349,0
5c9a698...,schema_c,both,mouse_error,3_4,4565.90960093123,200.823770730848,1.08257498358504,27.4201368568327
5c9a698...,schema_c,far_pa,mouse_error,3_4,28245.1561484467,152.877625334826,0.170268790809853,3.10563529511483e-09
5c9a698...,schema_c,near_pa,mouse_error,3_4,225.225750616779,223.881549785952,2.13765071999689,16.740492922912
5c9a698...,schema_c,both,mouse_error,all,2034.1007823767,221.311401243164,0.729798369195323,18.0346008545874
5c9a698...,schema_c,far_pa,mouse_error,all,3565.65635929184,220.553133686393,0.574505267376562,16.9315677156972
5c9a698...,schema_c,near_pa,mouse_error,all,225.225750616779,223.881549785952,2.13765071999689,16.740492922912
5c9a698...,schema_ic,both,correct_exact,3_4,0.349851560181028,0.0345960235242243,0.0287455558175404,0
5c9a698...,schema_ic,far_pa,correct_exact,3_4,1.36594162487199e-07,0.000204539803960305,-5.69852006444239e-05,0
5c9a698...,schema_ic,near_pa,correct_exact,3_4,1.39176978056756,0.0489275379164594,0.0722067257046,0
5c9a698...,schema_ic,both,correct_exact,all,0.255267679406468,0.134299097432653,0.0605095389255246,0
5c9a698...,schema_ic,far_pa,correct_exact,all,0.38947901036051,0.138907816784148,0.0838028829643983,0
5c9a698...,schema_ic,near_pa,correct_exact,all,0.953329826957139,0.113930108225439,0.0253116288793947,0
5c9a698...,schema_ic,both,correct_one_square_away,3_4,0.59937034781981,0.352306669637619,0.123537674330655,0
5c9a698...,schema_ic,far_pa,correct_one_square_away,3_4,1.48094932890753,0.181233335350406,0.0254380899842366,0
5c9a698...,schema_ic,near_pa,correct_one_square_away,3_4,3.92083593183322e-27,4.20220011331193e-18,30.4018452512684,0
5c9a698...,schema_ic,both,correct_one_square_away,all,0.12137995744897,0.170995237112834,0.403108793003094,0
5c9a698...,schema_ic,far_pa,correct_one_square_away,all,0.0965015848368024,0.216087237851921,0.303213864736831,0
5c9a698...,schema_ic,near_pa,correct_one_square_away,all,0.280231199816025,9.62815894096362e-08,0.920103219686947,0
5c9a698...,schema_ic,both,mouse_error,3_4,9179.29613971028,228.979835795936,36.7781169184147,58.9387092445663
5c9a698...,schema_ic,far_pa,mouse_error,3_4,42576.2606377261,191.48905367931,0.142653486504073,2.81473364838179e-08
5c9a698...,schema_ic,near_pa,mouse_error,3_4,349.660906637939,215.179542826083,2.05942040318254,25.0782412635407
5c9a698...,schema_ic,both,mouse_error,all,3178.93812308433,222.247531304035,0.804378918921481,30.5415624043579
5c9a698...,schema_ic,far_pa,mouse_error,all,6227.92917147707,245.067310495004,0.730245170180704,29.0851208043355
5c9a698...,schema_ic,near_pa,mouse_error,all,1144.13449222242,176.829020790272,1.07551664724311,31.441274320909
5d776e2...,landmark_schema,both,correct_exact,3_4,0.404315116492256,0.0521279196009328,0.0453765522306094,0
5d776e2...,landmark_schema,far_pa,correct_exact,3_4,0.731341144547916,0.311786860037527,-0.0655444739953109,0
5d776e2...,landmark_schema,near_pa,correct_exact,3_4,0.916001743195254,2.9751245016476e-07,0.109041034638503,0
5d776e2...,landmark_schema,both,correct_exact,all,0.0442787558324019,0.015013417505768,0.0142682892223322,0
5d776e2...,landmark_schema,far_pa,correct_exact,all,0.0454479809469056,0.0821484182927613,-0.0152499742531377,0
5d776e2...,landmark_schema,near_pa,correct_exact,all,0.212491020804277,2.93926720702454e-06,0.0505356997523032,0
5d776e2...,landmark_schema,both,correct_one_square_away,3_4,0.13315812377353,0.253096653110832,0.0875985408438621,0
5d776e2...,landmark_schema,far_pa,correct_one_square_away,3_4,1.39176979698679,0.426287297874141,-0.0721991223842243,0
5d776e2...,landmark_schema,near_pa,correct_one_square_away,3_4,1.06836862518289,1.06488593803995e-07,0.393181255479309,0
5d776e2...,landmark_schema,both,correct_one_square_away,all,0.0584700845580946,0.206008787119272,0.0832880986053605,0
5d776e2...,landmark_schema,far_pa,correct_one_square_away,all,0.176110796074819,0.217825382531736,0.0675274520051605,0
5d776e2...,landmark_schema,near_pa,correct_one_square_away,all,0.535989608536961,0.178482486790744,0.118836975870072,0
5d776e2...,landmark_schema,both,mouse_error,3_4,11886.3272106097,146.74280748196,0.101984323708759,2.67235586633957e-08
5d776e2...,landmark_schema,far_pa,mouse_error,3_4,56176.420988665,134.634838838068,-0.0558056280240444,0.00802540385898097
5d776e2...,landmark_schema,near_pa,mouse_error,3_4,5577.14826901643,164.457496708389,0.341505494332112,1.87308741298419
5d776e2...,landmark_schema,both,mouse_error,all,5595.1766926014,167.75063919602,0.0988268864947486,7.9253842362817e-10
5d776e2...,landmark_schema,far_pa,mouse_error,all,12604.6476650816,187.970081494569,0.0896249414676739,3.19226994685242e-09
5d776e2...,landmark_schema,near_pa,mouse_error,all,4994.03273058187,128.95549549626,0.132357317980984,3.55039683829465e-07
5d776e2...,no_schema,both,correct_exact,3_4,0.096403149260136,2.56910421781761e-06,0.0580225558226959,0
5d776e2...,no_schema,both,correct_exact,all,0.0407264161749058,0.0324741606501201,0.0366573605658665,0
5d776e2...,no_schema,both,correct_one_square_away,3_4,0.102523409051314,0.0771276277257067,0.294204619427971,0
5d776e2...,no_schema,both,correct_one_square_away,all,0.232068271299289,0.116085053922681,0.275168138028137,0
5d776e2...,no_schema,both,mouse_error,3_4,4036.69294259973,155.095301518919,0.951056851680368,58.6104822220892
5d776e2...,no_schema,both,mouse_error,all,3416.5594366719,176.383605757487,1.53136928532267,65.2917524513736
5d776e2...,random_locations,both,correct_exact,3_4,0.0827152642352927,1.39509538691852e-05,0.0148035270380935,0
5d776e2...,random_locations,both,correct_exact,all,0.0505498939488611,0.040852621191025,0.00655555930476708,0
5d776e2...,random_locations,both,correct_one_square_away,3_4,0.298840504462936,0.214423704955333,0.0931833601272407,0
5d776e2...,random_locations,both,correct_one_square_away,all,0.0949873029789199,0.128959559823851,0.115473822100903,0
5d776e2...,random_locations,both,mouse_error,3_4,2639.37489924772,115.836125195658,0.892759051351416,88.0467786689875
5d776e2...,random_locations,both,mouse_error,all,2030.42495074249,196.778802444261,0.866141865844328,82.6559115109907
5d776e2...,schema_c,both,correct_exact,3_4,0.302765446713261,1.54077497305634e-06,0.142407724229488,0
5d776e2...,schema_c,far_pa,correct_exact,3_4,0.748179467846324,4.00324641219624e-07,0.0477406007489481,0
5d776e2...,schema_c,near_pa,correct_exact,3_4,0.314740309599877,2.21528375224248e-07,0.205926912280189,0
5d776e2...,schema_c,both,correct_exact,all,0.1110520642097,3.43322753760611e-06,0.112907981872558,0
5d776e2...,schema_c,far_pa,correct_exact,all,0.31510408393846,0.01833518334475,0.0689968875123039,0
5d776e2...,schema_c,near_pa,correct_exact,all,0.314740309599877,2.21528375224248e-07,0.205926912280189,0
5d776e2...,schema_c,both,correct_one_square_away,3_4,0.256055968504237,7.20059297859327e-07,0.399526227511382,0
5d776e2...,schema_c,far_pa,correct_one_square_away,3_4,1.82527577342188,0.163704879360011,0.181109103247691,0
5d776e2...,schema_c,near_pa,correct_one_square_away,3_4,0.483051292776954,2.09773668934314e-07,0.453614275191479,0
5d776e2...,schema_c,both,correct_one_square_away,all,0.229778828590936,0.0661813853275416,0.466394662045142,0
5d776e2...,schema_c,far_pa,correct_one_square_away,all,0.653548694716837,0.116535909130276,0.467718218649717,0
5d776e2...,schema_c,near_pa,correct_one_square_away,all,0.483051292776954,2.09773668934314e-07,0.453614275191479,0
5d776e2...,schema_c,both,mouse_error,3_4,6727.60746850974,162.252074006459,0.264360344839518,8.82869777517138
5d776e2...,schema_c,far_pa,mouse_error,3_4,53081.7237562478,127.682988122153,0.510103986581772,94.4082857087867
5d776e2...,schema_c,near_pa,mouse_error,3_4,8877.13255412422,182.526135695413,0.35058895370142,1.34172261419496e-10
5d776e2...,schema_c,both,mouse_error,all,2332.30906419293,186.49108619162,0.704497719407487,43.1277601900441
5d776e2...,schema_c,far_pa,mouse_error,all,6892.08816524797,194.989874942534,1.20548166685584,58.378032631701
5d776e2...,schema_c,near_pa,mouse_error,all,8877.13255412422,182.526135695413,0.35058895370142,1.34172261419496e-10
5d776e2...,schema_ic,both,correct_exact,3_4,0.165626785534693,3.84288395959424e-06,0.0259452187115313,0
5d776e2...,schema_ic,far_pa,correct_exact,3_4,0.675431022700918,1.0476917035327e-06,0.0533493714052049,0
5d776e2...,schema_ic,near_pa,correct_exact,3_4,1.36594162487199e-07,0.000204539803960305,-5.69852006444239e-05,0
5d776e2...,schema_ic,both,correct_exact,all,0.0181747510658747,3.67977537485837e-05,0.0083809756237431,0
5d776e2...,schema_ic,far_pa,correct_exact,all,0.0410120391300389,9.92168636428698e-07,0.0127385133417765,0
5d776e2...,schema_ic,near_pa,correct_exact,all,1.36594162487199e-07,0.000204539803960305,-5.69852006444239e-05,0
5d776e2...,schema_ic,both,correct_one_square_away,3_4,0.220961857012453,8.02452551157199e-07,0.0947833801486315,0
5d776e2...,schema_ic,far_pa,correct_one_square_away,3_4,0.675431022700918,1.0476917035327e-06,0.0533493714052049,0
5d776e2...,schema_ic,near_pa,correct_one_square_away,3_4,1.50558452604443,6.47277191835998e-07,0.15918289455727,0
5d776e2...,schema_ic,both,correct_one_square_away,all,0.121953142816606,8.16408519234177e-07,0.090040574760465,0
5d776e2...,schema_ic,far_pa,correct_one_square_away,all,0.152265085341616,2.12996971837137e-06,0.0623717017469829,0
5d776e2...,schema_ic,near_pa,correct_one_square_away,all,0.29051180981119,9.38006440613346e-08,0.16446314636833,0
5d776e2...,schema_ic,both,mouse_error,3_4,18421.957540474,138.565384260528,0.622773372830101,125.282406485414
5d776e2...,schema_ic,far_pa,mouse_error,3_4,22757.4781440196,125.981764629767,0.023937568692731,1.90374280828487e-07
5d776e2...,schema_ic,near_pa,mouse_error,3_4,77634.4242764891,120.153640942053,-2.94750324546466,120.153640720349
5d776e2...,schema_ic,both,mouse_error,all,6755.09893687369,241.042997122874,0.114811740980657,5.1968661333054e-08
5d776e2...,schema_ic,far_pa,mouse_error,all,5157.97325605738,269.31650102736,0.116960348242587,3.08742909779956e-07
5d776e2...,schema_ic,near_pa,mouse_error,all,28900.4089857823,191.730108688939,0.262371670178817,75.7373945339946
5dc983b...,landmark_schema,both,correct_exact,3_4,0.453942655813163,0.352366226682274,-0.0408859361273844,0
5dc983b...,landmark_schema,far_pa,correct_exact,3_4,1.14446919941671,0.521290911267208,-0.118647512803499,0
5dc983b...,landmark_schema,near_pa,correct_exact,3_4,1.48094932890753,0.181233335350406,0.0254380899842366,0
5dc983b...,landmark_schema,both,correct_exact,all,0.186650291280971,0.223397412278321,-0.0127782863173087,0
5dc983b...,landmark_schema,far_pa,correct_exact,all,0.210044910147395,0.25296666894748,-0.0338662024992419,0
5dc983b...,landmark_schema,near_pa,correct_exact,all,0.476166420352757,0.163922288039519,0.0318016901166314,0
5dc983b...,landmark_schema,both,correct_one_square_away,3_4,0.277472421614613,0.77091160413463,-0.128677871079185,0
5dc983b...,landmark_schema,far_pa,correct_one_square_away,3_4,0.00315678073327467,0.999999998273246,-2.88265860331703,0
5dc983b...,landmark_schema,near_pa,correct_one_square_away,3_4,1.87002514926669,0.409048541981427,-0.0158468352261577,0
5dc983b...,landmark_schema,both,correct_one_square_away,all,0.324314505611158,0.556191272049363,0.0337642425848386,0
5dc983b...,landmark_schema,far_pa,correct_one_square_away,all,0.366626648473489,0.609305565619251,-0.0110467204179079,0
5dc983b...,landmark_schema,near_pa,correct_one_square_away,all,0.815597554391846,0.469756098976359,0.10899162537884,0
5dc983b...,landmark_schema,both,mouse_error,3_4,2067.07157635332,134.54540238264,36.8536519016666,65.5088827025246
5dc983b...,landmark_schema,far_pa,mouse_error,3_4,3615.63520133721,40.3247437052273,-1.2343411838284,40.316519190891
5dc983b...,landmark_schema,near_pa,mouse_error,3_4,15044.2813675488,262.889667525788,37.2278491435755,76.4555765451361
5dc983b...,landmark_schema,both,mouse_error,all,2725.40722866801,178.30430742646,35.9366924698245,68.3853454298584
5dc983b...,landmark_schema,far_pa,mouse_error,all,3623.73141873744,179.730730190803,36.5988134354337,74.5199045324893
5dc983b...,landmark_schema,near_pa,mouse_error,all,4355.56348611751,175.451460861503,35.2347494689526,56.116227421942
5dc983b...,no_schema,both,correct_exact,3_4,0.155865819952115,0.410019675348485,0.0764145800880667,0
5dc983b...,no_schema,both,correct_exact,all,0.0567359614671242,0.180742582542005,0.042886219123757,0
5dc983b...,no_schema,both,correct_one_square_away,3_4,0.222222222222222,0.333333335812528,18.2294377822902,0
5dc983b...,no_schema,both,correct_one_square_away,all,0.149078582893739,0.206651015269577,0.672885798326275,0
5dc983b...,no_schema,both,mouse_error,3_4,151.407465773147,137.510445451113,2.33601841617119,19.303116678295
5dc983b...,no_schema,both,mouse_error,all,270.660569750883,154.892381393433,1.64198317165428,33.8829776889882
5dc983b...,random_locations,both,correct_exact,3_4,0.0808373141645837,0.109066322282977,-0.0205216841124543,0
5dc983b...,random_locations,both,correct_exact,all,0.038976902970113,0.0696823892740646,-0.0084144623576454,0
5dc983b...,random_locations,both,correct_one_square_away,3_4,1.06049236508762,0.561887411388227,-0.0578452451019666,0
5dc983b...,random_locations,both,correct_one_square_away,all,0.496351945253661,0.388393104113492,0.00351969959618092,0
5dc983b...,random_locations,both,mouse_error,3_4,5192.43695921876,226.497602090281,38.9527621837563,82.7246233150493
5dc983b...,random_locations,both,mouse_error,all,3465.79081742946,219.624240627295,2.93487750263993,95.2342663942675
5dc983b...,schema_c,both,correct_exact,3_4,0.245920655838195,1.9434002734497e-06,0.0748943089211387,0
5dc983b...,schema_c,far_pa,correct_exact,3_4,1.36594162487199e-07,0.000204539803960305,-5.69852006444239e-05,0
5dc983b...,schema_c,near_pa,correct_exact,3_4,0.562573389095613,1.73216685517426e-06,0.12531315931119,0
5dc983b...,schema_c,both,correct_exact,all,0.0825555615015062,5.3308904156212e-06,0.11087059058249,0
5dc983b...,schema_c,far_pa,correct_exact,all,0.0651945886631937,4.62273599910418e-07,0.103802610774291,0
5dc983b...,schema_c,near_pa,correct_exact,all,0.562573389095613,1.73216685517426e-06,0.12531315931119,0
5dc983b...,schema_c,both,correct_one_square_away,3_4,0.37241307096226,0.313102474676088,0.0720931995171392,0
5dc983b...,schema_c,far_pa,correct_one_square_away,3_4,0.731341144547916,0.311786860037527,-0.0655444739953109,0
5dc983b...,schema_c,near_pa,correct_one_square_away,3_4,0.514630358845997,0.178142283576832,0.29981967270341,0
5dc983b...,schema_c,both,correct_one_square_away,all,0.114888821251239,0.355245484772603,0.0912869170773774,0
5dc983b...,schema_c,far_pa,correct_one_square_away,all,0.28665903474917,0.393816768942064,0.0388263531854864,0
5dc983b...,schema_c,near_pa,correct_one_square_away,all,0.514630358845997,0.178142283576832,0.29981967270341,0
5dc983b...,schema_c,both,mouse_error,3_4,3073.22897845727,198.30984398831,35.8159924714325,78.8947387730511
5dc983b...,schema_c,far_pa,mouse_error,3_4,35215.7947183003,140.288926021604,-0.754980299568479,140.056359028455
5dc983b...,schema_c,near_pa,mouse_error,3_4,2656.04805504035,166.200354253639,0.975885765038007,40.0001668932538
5dc983b...,schema_c,both,mouse_error,all,1606.81329621741,206.547164229174,36.1875128181512,66.9346867938538
5dc983b...,schema_c,far_pa,mouse_error,all,4154.69981130488,226.931735850004,36.9313846302462,77.2837221178508
5dc983b...,schema_c,near_pa,mouse_error,all,2656.04805504035,166.200354253639,0.975885765038007,40.0001668932538
5dc983b...,schema_ic,both,correct_exact,3_4,0.428730152014246,0.0714767004133119,0.0393854649305559,0
5dc983b...,schema_ic,far_pa,correct_exact,3_4,1.36594162487199e-07,0.000204539803960305,-5.69852006444239e-05,0
5dc983b...,schema_ic,near_pa,correct_exact,3_4,1.69581627183722,0.102184732409659,0.114743081202032,0
5dc983b...,schema_ic,both,correct_exact,all,0.0519111287326755,0.111362509072931,-0.00230091236604454,0
5dc983b...,schema_ic,far_pa,correct_exact,all,0.080020397977099,0.125287376125741,-0.0195165604268875,0
5dc983b...,schema_ic,near_pa,correct_exact,all,0.428730152014246,0.0714767004133119,0.0393854649305559,0
5dc983b...,schema_ic,both,correct_one_square_away,3_4,0.7154348787663,0.072605701906614,0.269855245466812,0
5dc983b...,schema_ic,far_pa,correct_one_square_away,3_4,1.87376713861546,0.262024640066192,0.125271050564797,0
5dc983b...,schema_ic,near_pa,correct_one_square_away,3_4,0.866980810855614,8.68830253540425e-06,0.381655557078139,0
5dc983b...,schema_ic,both,correct_one_square_away,all,0.121756189125204,0.126184211854478,0.157290148641348,0
5dc983b...,schema_ic,far_pa,correct_one_square_away,all,0.377263856665893,0.241063762875728,0.0933331275058706,0
5dc983b...,schema_ic,near_pa,correct_one_square_away,all,0.2673833983596,6.98436421042353e-08,0.247844697255008,0
5dc983b...,schema_ic,both,mouse_error,3_4,12666.511311691,138.261242322375,0.119367581335892,5.00483153792114
5dc983b...,schema_ic,far_pa,mouse_error,3_4,26509.9191227205,95.3501294245169,-2.77501798267858,95.3501290949271
5dc983b...,schema_ic,near_pa,mouse_error,3_4,17214.9742557096,177.45776672013,0.253881995959799,5.90217360426931e-09
5dc983b...,schema_ic,both,mouse_error,all,3087.27414620965,174.410598270312,0.576483987721917,87.2825165093936
5dc983b...,schema_ic,far_pa,mouse_error,all,6077.0752207991,177.771252968823,35.237803895277,116.004406117109
5dc983b...,schema_ic,near_pa,mouse_error,all,4234.45862772874,188.44666814882,0.335958862638373,19.0884841433764
5e8e505...,landmark_schema,both,correct_exact,3_4,1.36594162487199e-07,0.000204539803960305,-5.69852006444239e-05,0
5e8e505...,landmark_schema,far_pa,correct_exact,3_4,1.36594162487199e-07,0.000204539803960305,-5.69852006444239e-05,0
5e8e505...,landmark_schema,near_pa,correct_exact,3_4,1.36594162487199e-07,0.000204539803960305,-5.69852006444239e-05,0
5e8e505...,landmark_schema,both,correct_exact,all,0.0571042347480218,0.0353068387950752,0.043222814652836,0
5e8e505...,landmark_schema,far_pa,correct_exact,all,0.108854634355887,6.07967374974548e-07,0.0790821278095241,0
5e8e505...,landmark_schema,near_pa,correct_exact,all,0.182084972520389,0.16182468036499,-0.0312708011585575,0
5e8e505...,landmark_schema,both,correct_one_square_away,3_4,0.375000001835462,0.375022925165956,-3.91234955905101e-06,0
5e8e505...,landmark_schema,far_pa,correct_one_square_away,3_4,1.10988968280234,0.541855620475709,-0.128700948169103,0
5e8e505...,landmark_schema,near_pa,correct_one_square_away,3_4,1.36993401390098,1.68317113067397e-07,0.277183117091196,0
5e8e505...,landmark_schema,both,correct_one_square_away,all,0.0789764919916356,0.267315214151904,0.15230206856874,0
5e8e505...,landmark_schema,far_pa,correct_one_square_away,all,0.0988929417382871,0.354029904598792,0.15005622003262,0
5e8e505...,landmark_schema,near_pa,correct_one_square_away,all,0.434567404793358,0.094062592178215,0.155519127946122,0
5e8e505...,landmark_schema,both,mouse_error,3_4,739.083899055126,182.519122782214,35.5177064671149,71.7886725876003
5e8e505...,landmark_schema,far_pa,mouse_error,3_4,1679.28029999859,126.223826548157,37.9543022662453,78.0078985886569
5e8e505...,landmark_schema,near_pa,mouse_error,3_4,4094.1264722299,235.650998208935,1.2855362054267,56.2266614387869
5e8e505...,landmark_schema,both,mouse_error,all,469.781119498792,132.357366882105,0.395081113837938,40.4707525936626
5e8e505...,landmark_schema,far_pa,mouse_error,all,1171.42055569769,125.484156423472,0.508687411386881,33.4113275705363
5e8e505...,landmark_schema,near_pa,mouse_error,all,9891.21321418751,141.279028930397,0.118771139199682,4.96300497024455e-09
5e8e505...,no_schema,both,correct_exact,3_4,0.365831239660268,0.0216626276672268,0.047143201951576,0
5e8e505...,no_schema,both,correct_exact,all,0.151735718712851,0.0254212111331962,0.0461150671384076,0
5e8e505...,no_schema,both,correct_one_square_away,3_4,0.0966243533603641,0.612341919751821,0.00954495753473122,0
5e8e505...,no_schema,both,correct_one_square_away,all,0.151835970243508,0.51815041673346,0.0427406261811812,0
5e8e505...,no_schema,both,mouse_error,3_4,3319.74235236193,101.823657927625,0.0197904700101093,21.531709821964
5e8e505...,no_schema,both,mouse_error,all,4550.33138949594,99.1552284986502,-0.00775324333334132,5.14111690617131e-06
5e8e505...,random_locations,both,correct_exact,3_4,1.36594162487199e-07,0.000204539803960305,-5.69852006444239e-05,0
5e8e505...,random_locations,both,correct_exact,all,0.109327005480823,0.00689117910103873,0.0372438247897282,0
5e8e505...,random_locations,both,correct_one_square_away,3_4,0.172921321247819,0.19760460892014,0.0555882451294163,0
5e8e505...,random_locations,both,correct_one_square_away,all,0.072528146459519,0.164890842346903,0.10028434587758,0
5e8e505...,random_locations,both,mouse_error,3_4,415.129378720617,120.598515296636,0.963546452933316,89.1713688799036
5e8e505...,random_locations,both,mouse_error,all,636.017082815382,167.962514326885,0.153218958272723,5.41249963658441
5e8e505...,schema_c,both,correct_exact,3_4,0.0965323405888959,0.0271768006272374,0.00431247257432942,0
5e8e505...,schema_c,far_pa,correct_exact,3_4,1.36594162487199e-07,0.000204539803960305,-5.69852006444239e-05,0
5e8e505...,schema_c,near_pa,correct_exact,3_4,0.217161320292324,0.0401621846599007,0.00676252795594819,0
5e8e505...,schema_c,both,correct_exact,all,0.031650115168304,1.37418890496495e-05,0.0134802434381347,0
5e8e505...,schema_c,far_pa,correct_exact,all,0.0410120391300389,9.92168636428698e-07,0.0127385133417765,0
5e8e505...,schema_c,near_pa,correct_exact,all,0.217161320292324,0.0401621846599007,0.00676252795594819,0
5e8e505...,schema_c,both,correct_one_square_away,3_4,0.113097586381943,0.0895598289883769,0.142698760977912,0
5e8e505...,schema_c,far_pa,correct_one_square_away,3_4,0.779279505567606,5.1657748107745e-07,0.254102088477812,0
5e8e505...,schema_c,near_pa,correct_one_square_away,3_4,0.349116672674044,0.28070733275526,0.0415535675075527,0
5e8e505...,schema_c,both,correct_one_square_away,all,0.019031998141855,0.292887449979661,0.0362110202559554,0
5e8e505...,schema_c,far_pa,correct_one_square_away,all,0.10369303313218,0.297785647921489,0.0340487269349374,0
5e8e505...,schema_c,near_pa,correct_one_square_away,all,0.349116672674044,0.28070733275526,0.0415535675075527,0
5e8e505...,schema_c,both,mouse_error,3_4,7662.7730584847,144.239347683165,0.0586325955906465,1.78200810062266e-08
5e8e505...,schema_c,far_pa,mouse_error,3_4,24433.1185611211,155.298383319144,0.156526784222983,2.787253413708e-09
5e8e505...,schema_c,near_pa,mouse_error,3_4,9476.37042707206,139.772380208892,0.0204339734237017,3.91931455834791e-07
5e8e505...,schema_c,both,mouse_error,all,4599.68646574505,125.529139715229,0.0102290487915759,1.4185611432267e-06
5e8e505...,schema_c,far_pa,mouse_error,all,5943.15180257984,119.058619793387,0.00459179485713921,1.4502743105729e-05
5e8e505...,schema_c,near_pa,mouse_error,all,9476.37042707206,139.772380208892,0.0204339734237017,3.91931455834791e-07
5e8e505...,schema_ic,both,correct_exact,3_4,0.182084972520389,0.16182468036499,-0.0312708011585575,0
5e8e505...,schema_ic,far_pa,correct_exact,3_4,0.731341144547916,0.311786860037527,-0.0655444739953109,0
5e8e505...,schema_ic,near_pa,correct_exact,3_4,1.36594162487199e-07,0.000204539803960305,-5.69852006444239e-05,0
5e8e505...,schema_ic,both,correct_exact,all,0.166666669105838,0.0833078024165994,8.23199318098076e-06,0
5e8e505...,schema_ic,far_pa,correct_exact,all,0.375000010461719,0.124983494282604,-5.77847255063459e-06,0
5e8e505...,schema_ic,near_pa,correct_exact,all,1.36594162487199e-07,0.000204539803960305,-5.69852006444239e-05,0
5e8e505...,schema_ic,both,correct_one_square_away,3_4,0.446509117868675,0.119327507882552,0.0475840466760563,0
5e8e505...,schema_ic,far_pa,correct_one_square_away,3_4,1.47457467309914,0.336133547352692,-0.0339190773241759,0
5e8e505...,schema_ic,near_pa,correct_one_square_away,3_4,1.16314516423456,1.7584752255321e-06,0.0977594612636401,0
5e8e505...,schema_ic,both,correct_one_square_away,all,0.203882472208188,0.13718042886245,0.167615092633051,0
5e8e505...,schema_ic,far_pa,correct_one_square_away,all,0.334456538335878,0.135651279036733,0.240393892107656,0
5e8e505...,schema_ic,near_pa,correct_one_square_away,all,0.382412154468002,0.128902239221496,0.0721146412829693,0
5e8e505...,schema_ic,both,mouse_error,3_4,12686.5011388716,192.645511278958,33.7275652329941,113.320632380565
5e8e505...,schema_ic,far_pa,mouse_error,3_4,19304.521121802,119.824743272486,0.0750110529492959,1.16393015241735e-07
5e8e505...,schema_ic,near_pa,mouse_error,3_4,42814.6742729514,242.937853023307,1.72482433603975,149.789981844692
5e8e505...,schema_ic,both,mouse_error,all,1476.81046977618,209.147652197206,1.193399289281,67.7168766941502
5e8e505...,schema_ic,far_pa,mouse_error,all,2100.01607267918,206.703696546418,1.25209118946064,50.6232345338226
5e8e505...,schema_ic,near_pa,mouse_error,all,14324.3307674121,215.243485352153,1.132532774269,102.071336446684
5f57c4a...,landmark_schema,both,correct_exact,3_4,1.36594162487199e-07,0.000204539803960305,-5.69852006444239e-05,0
5f57c4a...,landmark_schema,far_pa,correct_exact,3_4,1.36594162487199e-07,0.000204539803960305,-5.69852006444239e-05,0
5f57c4a...,landmark_schema,near_pa,correct_exact,3_4,1.36594162487199e-07,0.000204539803960305,-5.69852006444239e-05,0
5f57c4a...,landmark_schema,both,correct_exact,all,0.0198037927751622,3.95370098188095e-06,0.0226708921956225,0
5f57c4a...,landmark_schema,far_pa,correct_exact,all,0.0454878440386941,2.45130613414244e-06,0.0346708034177937,0
5f57c4a...,landmark_schema,near_pa,correct_exact,all,1.36594162487199e-07,0.000204539803960305,-5.69852006444239e-05,0
5f57c4a...,landmark_schema,both,correct_one_square_away,3_4,0.212491020804277,2.93926720702454e-06,0.0505356997523032,0
5f57c4a...,landmark_schema,far_pa,correct_one_square_away,3_4,1.36594162487199e-07,0.000204539803960305,-5.69852006444239e-05,0
5f57c4a...,landmark_schema,near_pa,correct_one_square_away,3_4,0.916001743195254,2.9751245016476e-07,0.109041034638503,0
5f57c4a...,landmark_schema,both,correct_one_square_away,all,0.149480848832286,0.0415870971179164,0.146674594704964,0
5f57c4a...,landmark_schema,far_pa,correct_one_square_away,all,0.15728259515042,0.127158504044553,0.184180300764073,0
5f57c4a...,landmark_schema,near_pa,correct_one_square_away,all,0.64462274050257,8.91221860074569e-07,0.0777121474665178,0
5f57c4a...,landmark_schema,both,mouse_error,3_4,14789.043023236,256.142983818016,0.124211293641269,4.48384826141639e-10
5f57c4a...,landmark_schema,far_pa,mouse_error,3_4,18108.4355605051,158.82384604207,0.0727499573298862,87.12119553464
5f57c4a...,landmark_schema,near_pa,mouse_error,3_4,32754.3928494406,352.108236620678,0.180461259378322,1.99321749664555e-10
5f57c4a...,landmark_schema,both,mouse_error,all,6768.68526680522,241.874149774848,0.288802936209562,32.7315299744266
5f57c4a...,landmark_schema,far_pa,mouse_error,all,6019.09422512213,261.806223006164,0.858781068224523,66.6085148946926
5f57c4a...,landmark_schema,near_pa,mouse_error,all,12656.9506352332,260.983654558911,0.151157050160041,1.35320857851299e-09
5f57c4a...,no_schema,both,correct_exact,3_4,0.188906817499116,0.124718751303588,0.0294300053030018,0
5f57c4a...,no_schema,both,correct_exact,all,0.150547220495234,0.0711567157188872,0.0558982068497546,0
5f57c4a...,no_schema,both,correct_one_square_away,3_4,0.458715888311193,0.487048980172946,0.200823373796157,0
5f57c4a...,no_schema,both,correct_one_square_away,all,0.111954004975625,0.269527605232875,0.38052595821655,0
5f57c4a...,no_schema,both,mouse_error,3_4,6209.41840896693,179.347919292811,0.991644865034351,54.2020958881006
5f57c4a...,no_schema,both,mouse_error,all,2338.97543843415,167.93715059822,0.657979354112777,47.4215183507182
5f57c4a...,random_locations,both,correct_exact,3_4,0.223102990358348,0.0141266391263327,0.0831980203336568,0
5f57c4a...,random_locations,both,correct_exact,all,0.0378543643340196,1.23679636220158e-07,0.0846150286495681,0
5f57c4a...,random_locations,both,correct_one_square_away,3_4,0.440502804475087,0.0276244235528794,0.465585098100404,0
5f57c4a...,random_locations,both,correct_one_square_away,all,0.114306842166422,2.73039015309319e-06,0.446913742205352,0
5f57c4a...,random_locations,both,mouse_error,3_4,2689.83763742824,133.733798605544,0.297414489718361,6.84231650427189e-10
5f57c4a...,random_locations,both,mouse_error,all,828.445880404212,155.371472674832,0.289128423842867,6.62547588992082e-09
5f57c4a...,schema_c,both,correct_exact,3_4,1.36594162487199e-07,0.000204539803960305,-5.69852006444239e-05,0
5f57c4a...,schema_c,far_pa,correct_exact,3_4,1.36594162487199e-07,0.000204539803960305,-5.69852006444239e-05,0
5f57c4a...,schema_c,near_pa,correct_exact,3_4,1.36594162487199e-07,0.000204539803960305,-5.69852006444239e-05,0
5f57c4a...,schema_c,both,correct_exact,all,1.36594162487199e-07,0.000204539803960305,-5.69852006444239e-05,0
5f57c4a...,schema_c,far_pa,correct_exact,all,1.36594162487199e-07,0.000204539803960305,-5.69852006444239e-05,0
5f57c4a...,schema_c,near_pa,correct_exact,all,1.36594162487199e-07,0.000204539803960305,-5.69852006444239e-05,0
5f57c4a...,schema_c,both,correct_one_square_away,3_4,0.203070289424482,0.244589703259588,-0.0132776000671669,0
5f57c4a...,schema_c,far_pa,correct_one_square_away,3_4,0.748179467846324,4.00324641219624e-07,0.0477406007489481,0
5f57c4a...,schema_c,near_pa,correct_one_square_away,3_4,0.420535015164964,0.380193004259172,-0.0528073213865844,0
5f57c4a...,schema_c,both,correct_one_square_away,all,0.299215553453826,0.301553746103984,0.032403398465218,0
5f57c4a...,schema_c,far_pa,correct_one_square_away,all,0.342060235243398,0.242441422558703,0.0900240007267914,0
5f57c4a...,schema_c,near_pa,correct_one_square_away,all,0.420535015164964,0.380193004259172,-0.0528073213865844,0
5f57c4a...,schema_c,both,mouse_error,3_4,3443.84052017443,131.013001698591,0.057685334529507,1.44339542182191e-08
5f57c4a...,schema_c,far_pa,mouse_error,3_4,7649.31148861015,188.55846391367,5.02719006180771,100.946955475341
5f57c4a...,schema_c,near_pa,mouse_error,3_4,7381.37201160823,119.596690700879,0.0355733709767026,1.94774726162534e-06
5f57c4a...,schema_c,both,mouse_error,all,5671.02483763072,141.203325509889,0.0901919369911371,6.34489171723835e-08
5f57c4a...,schema_c,far_pa,mouse_error,all,9296.80133482864,194.446152469079,33.2188365418692,91.9338420367472
5f57c4a...,schema_c,near_pa,mouse_error,all,7381.37201160823,119.596690700879,0.0355733709767026,1.94774726162534e-06
5f57c4a...,schema_ic,both,correct_exact,3_4,0.349116672674044,0.28070733275526,0.0415535675075527,0
5f57c4a...,schema_ic,far_pa,correct_exact,3_4,1.35159022018478,0.879304432807923,-0.318278093204493,0
5f57c4a...,schema_ic,near_pa,correct_exact,3_4,0.916001743195254,2.9751245016476e-07,0.109041034638503,0
5f57c4a...,schema_ic,both,correct_exact,all,0.0665261864599955,0.123917516465415,0.0218859163514933,0
5f57c4a...,schema_ic,far_pa,correct_exact,all,0.0921687861487379,0.165220317533266,0.00778201266539072,0
5f57c4a...,schema_ic,near_pa,correct_exact,all,0.404315116492256,0.0521279196009328,0.0453765522306094,0
5f57c4a...,schema_ic,both,correct_one_square_away,3_4,0.81777157330574,0.213896793569438,0.148397039789706,0
5f57c4a...,schema_ic,far_pa,correct_one_square_away,3_4,1.72872031108004,0.893594536560423,-0.277019692320993,0
5f57c4a...,schema_ic,near_pa,correct_one_square_away,3_4,1.07418074569664,1.75436803981898e-07,0.168939263781698,0
5f57c4a...,schema_ic,both,correct_one_square_away,all,0.46814815888563,0.179086984648642,0.178536370365956,0
5f57c4a...,schema_ic,far_pa,correct_one_square_away,all,0.423390829153683,0.205374380800639,0.174221614516282,0
5f57c4a...,schema_ic,near_pa,correct_one_square_away,all,0.674394812512749,0.125878755860322,0.187057954659321,0
5f57c4a...,schema_ic,both,mouse_error,3_4,9628.37017156232,137.687399165324,0.161024666599981,4.2533925132881
5f57c4a...,schema_ic,far_pa,mouse_error,3_4,6147.90103778027,171.669653430085,36.0587208499549,40.2323819028381
5f57c4a...,schema_ic,near_pa,mouse_error,3_4,46160.1534527667,184.805504004683,0.149202787531074,5.12511641432503e-08
5f57c4a...,schema_ic,both,mouse_error,all,5762.37700397324,196.619928882534,0.346785751078722,22.5039665874882
5f57c4a...,schema_ic,far_pa,mouse_error,all,10051.3546444768,205.942187975796,0.374965378841239,11.7192094827474
5f57c4a...,schema_ic,near_pa,mouse_error,all,3810.35249829593,179.370333261581,0.310552205777143,39.653695713275
5f91927...,landmark_schema,both,correct_exact,3_4,1.25219150756658,0.557121328346535,-0.114462067220769,0
5f91927...,landmark_schema,far_pa,correct_exact,3_4,1.50350076726526,0.682551444394835,-0.169095030622609,0
5f91927...,landmark_schema,near_pa,correct_exact,3_4,1.39176979698679,0.426287297874141,-0.0721991223842243,0
5f91927...,landmark_schema,both,correct_exact,all,0.472169981243401,0.177456890419124,0.0535718977823854,0
5f91927...,landmark_schema,far_pa,correct_exact,all,0.343884272957787,0.136610772662242,0.100066399326897,0
5f91927...,landmark_schema,near_pa,correct_exact,all,0.953329829573988,0.257821460036443,-0.0253239075648522,0
5f91927...,landmark_schema,both,correct_one_square_away,3_4,0,0.5,36.7875092041563,0
5f91927...,landmark_schema,far_pa,correct_one_square_away,3_4,3.92083593183322e-27,4.20220011331193e-18,30.4018452512684,0
5f91927...,landmark_schema,near_pa,correct_one_square_away,3_4,6.8899474303147e-07,0.999218749999915,1.08515624999999,0
5f91927...,landmark_schema,both,correct_one_square_away,all,0.0287303758335444,0.358036949728806,0.873806252735149,0
5f91927...,landmark_schema,far_pa,correct_one_square_away,all,3.08148791101958e-33,0.25,36.5510319685923,0
5f91927...,landmark_schema,near_pa,correct_one_square_away,all,0.173152809619074,0.383166498342565,0.305034527134748,0
5f91927...,landmark_schema,both,mouse_error,3_4,1072.78864840318,83.703566045871,36.2369659284045,27.5565313271479
5f91927...,landmark_schema,far_pa,mouse_error,3_4,557.367340395534,139.350113392315,36.2651824906517,28.7554314654053
5f91927...,landmark_schema,near_pa,mouse_error,3_4,424.939205507916,18.8777705958328,-1.3073799498424,18.8730071516916
5f91927...,landmark_schema,both,mouse_error,all,1070.44133238737,152.280851936324,2.08729697483424,35.285497646281
5f91927...,landmark_schema,far_pa,mouse_error,all,275.815816487494,191.378145790698,3.70362368435781,28.5533105902955
5f91927...,landmark_schema,near_pa,mouse_error,all,3082.23925646617,84.5937383175308,0.123414916218736,1.75194119649404e-09
5f91927...,no_schema,both,correct_exact,3_4,0.142101311274943,2.78581028375385e-05,0.025882224801244,0
5f91927...,no_schema,both,correct_exact,all,0.106596168846726,6.71265005746494e-07,0.0450931225134065,0
5f91927...,no_schema,both,correct_one_square_away,3_4,0.269817137194203,4.56971329833875e-08,0.654057895957106,0
5f91927...,no_schema,both,correct_one_square_away,all,0.16053949474731,0.00207737696670767,0.417804656716979,0
5f91927...,no_schema,both,mouse_error,3_4,308.614429907991,185.00715204697,1.13909302556982,37.0924412904669
5f91927...,no_schema,both,mouse_error,all,3271.52789131608,216.362694622939,0.361437783400759,5.22253940773438
5f91927...,random_locations,both,correct_exact,3_4,0.412226165081793,0.0463018029275227,0.0251131109354818,0
5f91927...,random_locations,both,correct_exact,all,0.203797453469024,0.0875018209866521,0.026514739592749,0
5f91927...,random_locations,both,correct_one_square_away,3_4,0.384862782208227,0.139156702145076,0.252233652437313,0
5f91927...,random_locations,both,correct_one_square_away,all,0.183522378005713,0.202227975228246,0.291308363493735,0
5f91927...,random_locations,both,mouse_error,3_4,6586.09511260887,166.064227440178,0.524871605032522,34.0898407481677
5f91927...,random_locations,both,mouse_error,all,2080.16337742253,144.047112562887,1.04979203264609,47.4774545046038
5f91927...,schema_c,both,correct_exact,3_4,0.31247200192893,0.241959264755859,0.0197171109179548,0
5f91927...,schema_c,far_pa,correct_exact,3_4,0.675431022700918,1.0476917035327e-06,0.0533493714052049,0
5f91927...,schema_c,near_pa,correct_exact,3_4,0.836751767594924,0.502587882214202,-0.061368957360808,0
5f91927...,schema_c,both,correct_exact,all,0.155208056045665,0.122973356855344,0.0551718869152681,0
5f91927...,schema_c,far_pa,correct_exact,all,0.246757335959873,7.41647527752389e-06,0.0770097970936137,0
5f91927...,schema_c,near_pa,correct_exact,all,0.836751767594924,0.502587882214202,-0.061368957360808,0
5f91927...,schema_c,both,correct_one_square_away,3_4,0.310540561426211,0.103483463278367,0.354129617818385,0
5f91927...,schema_c,far_pa,correct_one_square_away,3_4,1.81837250139763,0.234037301473769,0.0610927386323254,0
5f91927...,schema_c,near_pa,correct_one_square_away,3_4,0.207988047980399,0.0156932370268055,0.692861577948324,0
5f91927...,schema_c,both,correct_one_square_away,all,0.224064227540556,0.102919618660486,0.497880988236009,0
5f91927...,schema_c,far_pa,correct_one_square_away,all,0.462273248399597,0.139860949359782,0.426594668453268,0
5f91927...,schema_c,near_pa,correct_one_square_away,all,0.207988047980399,0.0156932370268055,0.692861577948324,0
5f91927...,schema_c,both,mouse_error,3_4,2596.43938690613,218.905330996836,0.863602769611486,31.9725858325767
5f91927...,schema_c,far_pa,mouse_error,3_4,15539.0901018145,267.043555798455,0.509023561513854,33.739450950329
5f91927...,schema_c,near_pa,mouse_error,3_4,942.648291771071,199.130705867197,1.37104356820111,26.838266549853
5f91927...,schema_c,both,mouse_error,all,4241.65047729941,195.751994518787,0.637404416559203,22.6280644110219
5f91927...,schema_c,far_pa,mouse_error,all,9085.66059304363,198.837120964846,0.491890012295972,17.266672499589
5f91927...,schema_c,near_pa,mouse_error,all,942.648291771071,199.130705867197,1.37104356820111,26.838266549853
5f91927...,schema_ic,both,correct_exact,3_4,0.33687369894174,0.00413325414992706,0.0871385918604208,0
5f91927...,schema_ic,far_pa,correct_exact,3_4,1.36594162487199e-07,0.000204539803960305,-5.69852006444239e-05,0
5f91927...,schema_ic,near_pa,correct_exact,3_4,1.27621765149804,1.14358502953808e-07,0.262938276196404,0
5f91927...,schema_ic,both,correct_exact,all,0.282152749690194,1.17272138419605e-06,0.0761234278976912,0
5f91927...,schema_ic,far_pa,correct_exact,all,0.374046108214173,9.31917746135135e-07,0.0709816137484445,0
5f91927...,schema_ic,near_pa,correct_exact,all,0.33687369894174,0.00413325414992706,0.0871385918604208,0
5f91927...,schema_ic,both,correct_one_square_away,3_4,0.0781185536192944,0.4375180174099,0.692934414427803,0
5f91927...,schema_ic,far_pa,correct_one_square_away,3_4,3.92083593183322e-27,4.20220011331193e-18,30.4018452512684,0
5f91927...,schema_ic,near_pa,correct_one_square_away,3_4,0.748949883226137,0.648037944151085,0.337796339667259,0
5f91927...,schema_ic,both,correct_one_square_away,all,0.0664023629566093,0.11768777179118,0.55954231157685,0
5f91927...,schema_ic,far_pa,correct_one_square_away,all,0.124116748896639,2.93185628981403e-05,0.803202640235389,0
5f91927...,schema_ic,near_pa,correct_one_square_away,all,0.42662068941456,0.230490441438069,0.400023173641782,0
5f91927...,schema_ic,both,mouse_error,3_4,287.816728407373,89.1656465717165,0.892353482494863,27.447281036398
5f91927...,schema_ic,far_pa,mouse_error,3_4,216.671874941254,145.622884615481,3.35675432930421,38.7300020941736
5f91927...,schema_ic,near_pa,mouse_error,3_4,2538.75007438332,47.872205891778,0.234105853382943,8.46425980032183
5f91927...,schema_ic,both,mouse_error,all,745.87933291087,145.52340801767,0.512483117816087,23.4070782311311
5f91927...,schema_ic,far_pa,mouse_error,all,981.492308352775,159.758309896042,0.766781187346141,28.5999109252902
5f91927...,schema_ic,near_pa,mouse_error,all,3299.23577154136,128.072737152433,0.236441962181788,3.90579192699266e-09
6047ae5...,landmark_schema,both,correct_exact,3_4,0.217161314492252,0.0846222787712443,-0.00678678780283992,0
6047ae5...,landmark_schema,far_pa,correct_exact,3_4,0.86811718382868,0.172497843307602,-0.0157338775615346,0
6047ae5...,landmark_schema,near_pa,correct_exact,3_4,1.36594162487199e-07,0.000204539803960305,-5.69852006444239e-05,0
6047ae5...,landmark_schema,both,correct_exact,all,0.186514687464346,0.224423944090148,-0.01315554370717,0
6047ae5...,landmark_schema,far_pa,correct_exact,all,0.192235281965063,0.277440738393396,-0.0326520708190894,0
6047ae5...,landmark_schema,near_pa,correct_exact,all,0.455126503373037,0.122444002202972,0.0223974516201995,0
6047ae5...,landmark_schema,both,correct_one_square_away,3_4,0.571159134203212,4.0235569482506e-07,0.378750909033318,0
6047ae5...,landmark_schema,far_pa,correct_one_square_away,3_4,0.571159134203212,4.0235569482506e-07,0.378750909033318,0
6047ae5...,landmark_schema,near_pa,correct_one_square_away,3_4,0.571159134203212,4.0235569482506e-07,0.378750909033318,0
6047ae5...,landmark_schema,both,correct_one_square_away,all,0.178220830814198,0.00694335414953928,0.355117137976609,0
6047ae5...,landmark_schema,far_pa,correct_one_square_away,all,0.230613916552695,0.074447959881307,0.283728501205874,0
6047ae5...,landmark_schema,near_pa,correct_one_square_away,all,0.249253575612849,8.73049568350531e-08,0.479130805586379,0
6047ae5...,landmark_schema,both,mouse_error,3_4,1800.92769694063,162.069421369992,0.516708414369866,38.0004823041975
6047ae5...,landmark_schema,far_pa,mouse_error,3_4,2615.03906006282,156.658261673179,0.769013842123851,37.0763833386326
6047ae5...,landmark_schema,near_pa,mouse_error,3_4,2435.11914371865,260.1718539752,0.738935021479337,48.7781266358342
6047ae5...,landmark_schema,both,mouse_error,all,2527.8147217503,170.940939054661,0.217127271434079,7.06987731844611e-09
6047ae5...,landmark_schema,far_pa,mouse_error,all,4347.45112987205,191.757688475118,0.214180247081699,8.56403337543568e-10
6047ae5...,landmark_schema,near_pa,mouse_error,all,2226.71344408367,130.802628546336,0.500719838431967,37.8595742630789
6047ae5...,no_schema,both,correct_exact,3_4,0.280100795565074,1.69011419053428e-06,0.0496120500464126,0
6047ae5...,no_schema,both,correct_exact,all,0.0984442100773143,0.0387634522987336,0.0346269958222548,0
6047ae5...,no_schema,both,correct_one_square_away,3_4,0.193885315952859,0.00106398628186584,0.565821353436283,0
6047ae5...,no_schema,both,correct_one_square_away,all,0.0529226205986,0.00306674685386007,1.11458061661694,0
6047ae5...,no_schema,both,mouse_error,3_4,1771.95658455458,121.571715898116,0.214138178113326,4.77613771300008e-10
6047ae5...,no_schema,both,mouse_error,all,796.830988379021,136.123948184372,1.89249840319484,42.5608089107421
6047ae5...,random_locations,both,correct_exact,3_4,0.281318024771397,5.83082437325614e-06,0.0491807021200657,0
6047ae5...,random_locations,both,correct_exact,all,0.0882322533502735,0.00445322169725659,0.0607899467525203,0
6047ae5...,random_locations,both,correct_one_square_away,3_4,0.203142638014701,0.00825605162067214,0.265604439727065,0
6047ae5...,random_locations,both,correct_one_square_away,all,0.0506801333830983,8.16019140434699e-06,0.406968911959406,0
6047ae5...,random_locations,both,mouse_error,3_4,3036.9213623031,152.99599605248,0.162532932652529,2.0144451035643e-10
6047ae5...,random_locations,both,mouse_error,all,790.113262075056,158.799193247527,0.242226840586416,7.926037544159e-09
6047ae5...,schema_c,both,correct_exact,3_4,0.422002653523352,0.0860188106303421,0.026881402516901,0
6047ae5...,schema_c,far_pa,correct_exact,3_4,1.36594162487199e-07,0.000204539803960305,-5.69852006444239e-05,0
6047ae5...,schema_c,near_pa,correct_exact,3_4,0.951531340984873,0.132200915047473,0.0429277571303318,0
6047ae5...,schema_c,both,correct_exact,all,0.180537065706893,0.0620737619239645,0.058345960814622,0
6047ae5...,schema_c,far_pa,correct_exact,all,0.432464298407751,0.0258997394153749,0.0659671773824061,0
6047ae5...,schema_c,near_pa,correct_exact,all,0.951531340984873,0.132200915047473,0.0429277571303318,0
6047ae5...,schema_c,both,correct_one_square_away,3_4,0.62340726997055,0.565993355773389,0.0775089778006077,0
6047ae5...,schema_c,far_pa,correct_one_square_away,3_4,1.65717911942959,0.129660245838385,0.099553632089937,0
6047ae5...,schema_c,near_pa,correct_one_square_away,3_4,0.461463549620873,0.775739276246235,0.051422965728748,0
6047ae5...,schema_c,both,correct_one_square_away,all,0.231019196598022,0.5070243986255,0.270048366569517,0
6047ae5...,schema_c,far_pa,correct_one_square_away,all,0.25,5.47739262180903e-10,18.4860715034768,0
6047ae5...,schema_c,near_pa,correct_one_square_away,all,0.461463549620873,0.775739276246235,0.051422965728748,0
6047ae5...,schema_c,both,mouse_error,3_4,3924.46973908943,71.0449931634735,0.0491996328766993,6.95929885747879e-08
6047ae5...,schema_c,far_pa,mouse_error,3_4,1388.08917912191,76.5443665340528,0.0377149107790576,2.05557548360161e-06
6047ae5...,schema_c,near_pa,mouse_error,3_4,7585.68619064202,68.490712247894,0.0570452098204784,3.60344664048107e-08
6047ae5...,schema_c,both,mouse_error,all,1315.64193523112,77.8752746386341,0.112056300866434,1.58848067896425e-08
6047ae5...,schema_c,far_pa,mouse_error,all,989.025271964043,138.746218495,34.7959699679144,44.6847855213662
6047ae5...,schema_c,near_pa,mouse_error,all,7585.68619064202,68.490712247894,0.0570452098204784,3.60344664048107e-08
6047ae5...,schema_ic,both,correct_exact,3_4,0.817173786930818,0.525861213452822,-0.09774773649856,0
6047ae5...,schema_ic,far_pa,correct_exact,3_4,1.50000000246002,0.249983010526961,-2.06982581027974e-07,0
6047ae5...,schema_ic,near_pa,correct_exact,3_4,1.29229718089209,0.725723348025875,-0.202782511807735,0
6047ae5...,schema_ic,both,correct_exact,all,0.58838808670187,0.482463105027181,-0.0424715545498701,0
6047ae5...,schema_ic,far_pa,correct_exact,all,0.616595965655776,0.389630854390752,0.00795965880004223,0
6047ae5...,schema_ic,near_pa,correct_exact,all,1.19769858716,0.594401272961439,-0.112843101034361,0
6047ae5...,schema_ic,both,correct_one_square_away,3_4,0.287591493195843,1.20662826485395e-07,0.978389952856681,0
6047ae5...,schema_ic,far_pa,correct_one_square_away,3_4,1.30196414383536,2.88108063734408e-07,0.56606289397203,0
6047ae5...,schema_ic,near_pa,correct_one_square_away,3_4,3.92083593183322e-27,4.20220011331193e-18,30.4018452512684,0
6047ae5...,schema_ic,both,correct_one_square_away,all,0.0644689674796898,6.63455274255717e-06,1.27618842275168,0
6047ae5...,schema_ic,far_pa,correct_one_square_away,all,0.15917030551659,5.04225162859841e-08,0.945088608468899,0
6047ae5...,schema_ic,near_pa,correct_one_square_away,all,3.92083593183322e-27,4.20220011331193e-18,30.4018452512684,0
6047ae5...,schema_ic,both,mouse_error,3_4,2420.00848447857,168.461495487092,1.58394831614713,32.5963908582552
6047ae5...,schema_ic,far_pa,mouse_error,3_4,12305.4509493488,126.353887013576,0.798010179128639,40.8446077115645
6047ae5...,schema_ic,near_pa,mouse_error,3_4,757.525287233379,222.992432917197,38.2080517849597,22.6269425504987
6047ae5...,schema_ic,both,mouse_error,all,1223.72819730976,136.494537975187,1.34066791699425,31.8975970455989
6047ae5...,schema_ic,far_pa,mouse_error,all,3392.79956449422,131.323514491425,0.975780193496704,32.9513784919443
6047ae5...,schema_ic,near_pa,mouse_error,all,692.856572194018,149.687168616792,37.3497314641758,27.5708429876098
604fa68...,landmark_schema,both,correct_exact,3_4,1.36594162487199e-07,0.000204539803960305,-5.69852006444239e-05,0
604fa68...,landmark_schema,far_pa,correct_exact,3_4,1.36594162487199e-07,0.000204539803960305,-5.69852006444239e-05,0
604fa68...,landmark_schema,near_pa,correct_exact,3_4,1.36594162487199e-07,0.000204539803960305,-5.69852006444239e-05,0
604fa68...,landmark_schema,both,correct_exact,all,0.121969677757546,0.123415372956513,0.0220499244978417,0
604fa68...,landmark_schema,far_pa,correct_exact,all,0.0879688385564403,0.146440623298893,0.0142424035947623,0
604fa68...,landmark_schema,near_pa,correct_exact,all,0.428730152014246,0.0714767004133119,0.0393854649305559,0
604fa68...,landmark_schema,both,correct_one_square_away,3_4,0.812330957052379,3.70740027112277e-07,0.161649861301212,0
604fa68...,landmark_schema,far_pa,correct_one_square_away,3_4,1.54707615435961,0.00350513090161147,0.152176919317025,0
604fa68...,landmark_schema,near_pa,correct_one_square_away,3_4,1.07418074569664,1.75436803981898e-07,0.168939263781698,0
604fa68...,landmark_schema,both,correct_one_square_away,all,0.204069602344701,0.251250341168975,0.157591182473297,0
604fa68...,landmark_schema,far_pa,correct_one_square_away,all,0.266691278972753,0.313498203816561,0.0968329744231231,0
604fa68...,landmark_schema,near_pa,correct_one_square_away,all,0.247025895586791,0.0663911782965206,0.341708054654204,0
604fa68...,landmark_schema,both,mouse_error,3_4,4616.91769994929,196.311623901688,0.191335617970407,5.84864750998635e-08
604fa68...,landmark_schema,far_pa,mouse_error,3_4,3874.30320590961,195.376042504438,0.724917265477315,52.8935799067696
604fa68...,landmark_schema,near_pa,mouse_error,3_4,14522.7184396636,223.9167265987,0.166332375348781,5.76111841474323e-10
604fa68...,landmark_schema,both,mouse_error,all,2765.58374110055,194.804214996096,0.868193498287817,73.19683434757
604fa68...,landmark_schema,far_pa,mouse_error,all,6146.20806375968,208.535200284245,34.4134655879645,90.7213588558804
604fa68...,landmark_schema,near_pa,mouse_error,all,1500.20754835176,184.216977998234,0.384867076402846,32.6315217641802
604fa68...,no_schema,both,correct_exact,3_4,0.143252426740186,0.163138640932991,-0.02555058506332,0
604fa68...,no_schema,both,correct_exact,all,0.0796965361484727,0.138895876558761,0.00231175703644095,0
604fa68...,no_schema,both,correct_one_square_away,3_4,0.241406649866351,0.216591484168019,0.0678503033560262,0
604fa68...,no_schema,both,correct_one_square_away,all,0.206451772548989,0.257265264426677,0.0733013676865445,0
604fa68...,no_schema,both,mouse_error,3_4,1461.54062215188,125.222474375373,0.170486279354009,74.7476066164242
604fa68...,no_schema,both,mouse_error,all,4942.73126967452,138.728496147642,0.16451879959256,78.390995645163
604fa68...,random_locations,both,correct_exact,3_4,1.36594162487199e-07,0.000204539803960305,-5.69852006444239e-05,0
604fa68...,random_locations,both,correct_exact,all,0.0639489704817037,0.0220580345149252,0.0326042653499461,0
604fa68...,random_locations,both,correct_one_square_away,3_4,0.291308505880481,1.86296819219202e-05,0.0702941523688101,0
604fa68...,random_locations,both,correct_one_square_away,all,0.13799902802021,0.145578017911111,0.147850552391085,0
604fa68...,random_locations,both,mouse_error,3_4,5002.88670489819,168.527257106461,0.0498856426169556,6.14935676058506e-08
604fa68...,random_locations,both,mouse_error,all,1212.25916646541,249.084116879496,1.84147550166456,90.0362736862329
604fa68...,schema_c,both,correct_exact,3_4,0.143826941397925,0.128287030910723,0.125246873005671,0
604fa68...,schema_c,far_pa,correct_exact,3_4,1.36594162487199e-07,0.000204539803960305,-5.69852006444239e-05,0
604fa68...,schema_c,near_pa,correct_exact,3_4,0.393064927945468,0.203442127131118,0.244655827512663,0
604fa68...,schema_c,both,correct_exact,all,0.0642250818255773,0.0262262926280512,0.0788778982301664,0
604fa68...,schema_c,far_pa,correct_exact,all,0.0512693367552856,8.08562326497584e-06,0.0241891378929724,0
604fa68...,schema_c,near_pa,correct_exact,all,0.393064927945468,0.203442127131118,0.244655827512663,0
604fa68...,schema_c,both,correct_one_square_away,3_4,0.503132217342408,0.332484000477415,0.11429563818434,0
604fa68...,schema_c,far_pa,correct_one_square_away,3_4,1.50000000345557,0.249993875587203,7.55933874530199e-06,0
604fa68...,schema_c,near_pa,correct_one_square_away,3_4,0.590808671067545,0.295808282284814,0.274515612405557,0
604fa68...,schema_c,both,correct_one_square_away,all,0.31762058488521,0.119997937433072,0.153132463885849,0
604fa68...,schema_c,far_pa,correct_one_square_away,all,0.303876003423138,0.025326326396315,0.122362675424665,0
604fa68...,schema_c,near_pa,correct_one_square_away,all,0.590808671067545,0.295808282284814,0.274515612405557,0
604fa68...,schema_c,both,mouse_error,3_4,8444.12783241354,126.416565742831,0.104390745002222,9.96018585583341e-10
604fa68...,schema_c,far_pa,mouse_error,3_4,28752.7923189901,113.406737830434,-0.0411142517408733,2.87451380873212e-09
604fa68...,schema_c,near_pa,mouse_error,3_4,13174.7143583359,152.654672495074,0.261062762342139,7.67355496789727e-10
604fa68...,schema_c,both,mouse_error,all,11841.7863707308,183.887279197507,0.14765880519503,2.44120849768073e-10
604fa68...,schema_c,far_pa,mouse_error,all,25041.8843789484,208.055085713154,0.116762869095057,1.28161508756521e-09
604fa68...,schema_c,near_pa,mouse_error,all,13174.7143583359,152.654672495074,0.261062762342139,7.67355496789727e-10
604fa68...,schema_ic,both,correct_exact,3_4,0.348370091276972,0.215450538042663,-0.0304148620254093,0
604fa68...,schema_ic,far_pa,correct_exact,3_4,1.36594162487199e-07,0.000204539803960305,-5.69852006444239e-05,0
604fa68...,schema_ic,near_pa,correct_exact,3_4,1.37547179267662,0.450497382847984,-0.0826632331183141,0
604fa68...,schema_ic,both,correct_exact,all,0.10599672204123,0.047963547899415,0.0317841936712649,0
604fa68...,schema_ic,far_pa,correct_exact,all,0.0921824873738982,0.0404366515105814,0.00668403733336304,0
604fa68...,schema_ic,near_pa,correct_exact,all,0.279878657573714,0.0497408194263684,0.100299480038229,0
604fa68...,schema_ic,both,correct_one_square_away,3_4,0.678992520906526,0.583947367939164,-0.129689798320739,0
604fa68...,schema_ic,far_pa,correct_one_square_away,3_4,1.4682599549558,0.356939097861617,-0.0422833106250303,0
604fa68...,schema_ic,near_pa,correct_one_square_away,3_4,1.16794634681707,0.721947544803089,-0.203320899015368,0
604fa68...,schema_ic,both,correct_one_square_away,all,0.207725159944254,0.445448550822857,0.00673272621358118,0
604fa68...,schema_ic,far_pa,correct_one_square_away,all,0.295455784507179,0.415487470696665,0.0278863268079464,0
604fa68...,schema_ic,near_pa,correct_one_square_away,all,0.707871072331826,0.48676320528707,-0.025789703395583,0
604fa68...,schema_ic,both,mouse_error,3_4,10270.0558278264,87.9717834444709,-0.365735317415222,86.9384645982179
604fa68...,schema_ic,far_pa,mouse_error,3_4,8265.60049554551,151.391541492663,0.939755303635716,79.1458946464282
604fa68...,schema_ic,near_pa,mouse_error,3_4,32936.5798738211,66.8242701065371,-0.0792868200017403,2.50639145013726e-09
604fa68...,schema_ic,both,mouse_error,all,7631.94632092908,180.341272848359,2.49208541372544,85.0143736163545
604fa68...,schema_ic,far_pa,mouse_error,all,9468.55332769931,243.369294561664,5.52162275581383,80.6837357720191
604fa68...,schema_ic,near_pa,mouse_error,all,23008.6469792589,105.182507427444,0.0321826399054348,9.91485305547743e-07
609478f...,landmark_schema,both,correct_exact,3_4,1.36594162487199e-07,0.000204539803960305,-5.69852006444239e-05,0
609478f...,landmark_schema,far_pa,correct_exact,3_4,1.36594162487199e-07,0.000204539803960305,-5.69852006444239e-05,0
609478f...,landmark_schema,near_pa,correct_exact,3_4,1.36594162487199e-07,0.000204539803960305,-5.69852006444239e-05,0
609478f...,landmark_schema,both,correct_exact,all,1.36594162487199e-07,0.000204539803960305,-5.69852006444239e-05,0
609478f...,landmark_schema,far_pa,correct_exact,all,1.36594162487199e-07,0.000204539803960305,-5.69852006444239e-05,0
609478f...,landmark_schema,near_pa,correct_exact,all,1.36594162487199e-07,0.000204539803960305,-5.69852006444239e-05,0
609478f...,landmark_schema,both,correct_one_square_away,3_4,0.929749346271325,0.292769372978703,-0.0384746336804418,0
609478f...,landmark_schema,far_pa,correct_one_square_away,3_4,0.868117188848451,0.0762154923499773,0.0157129801289446,0
609478f...,landmark_schema,near_pa,correct_one_square_away,3_4,1.29748684069123,0.464723636407631,-0.0905589779713294,0
609478f...,landmark_schema,both,correct_one_square_away,all,0.404730109542335,0.19582053688009,-0.0170067027081678,0
609478f...,landmark_schema,far_pa,correct_one_square_away,all,0.248447885975955,0.146620782196985,-0.00710185561678388,0
609478f...,landmark_schema,near_pa,correct_one_square_away,all,0.929749346271325,0.292769372978703,-0.0384746336804418,0
609478f...,landmark_schema,both,mouse_error,3_4,32854.4455662523,136.835409254026,-0.0291647332153611,1.48020800557111e-06
609478f...,landmark_schema,far_pa,mouse_error,3_4,31093.2080290478,191.537807035456,0.0457099015050329,2.4687302750128e-08
609478f...,landmark_schema,near_pa,mouse_error,3_4,36012.0298542452,84.1691565605985,-0.105647697237815,4.42709991140413e-08
609478f...,landmark_schema,both,mouse_error,all,12515.7204457437,160.570602146801,-0.0252963918247895,2.63625229427524e-06
609478f...,landmark_schema,far_pa,mouse_error,all,12899.0784318197,187.706085830781,-0.00734114529023069,0.00101394862973795
609478f...,landmark_schema,near_pa,mouse_error,all,15492.2304851161,115.373874237531,-0.372300811965595,109.270205542395
609478f...,no_schema,both,correct_exact,3_4,0.326221997626603,0.0291415324900282,0.0608853738801553,0
609478f...,no_schema,both,correct_exact,all,0.1575699642339,1.94588410506186e-05,0.0912285664912265,0
609478f...,no_schema,both,correct_one_square_away,3_4,0.238793602370985,0.115190541984767,0.31893044913759,0
609478f...,no_schema,both,correct_one_square_away,all,0.0777174535995837,0.0718559564649631,0.35146910364272,0
609478f...,no_schema,both,mouse_error,3_4,2087.78414950456,191.917004401753,1.54570889967759,45.4729480639627
609478f...,no_schema,both,mouse_error,all,613.38783034116,168.627951725933,0.502826429986881,25.0550855669728
609478f...,random_locations,both,correct_exact,3_4,1.36594162487199e-07,0.000204539803960305,-5.69852006444239e-05,0
609478f...,random_locations,both,correct_exact,all,1.36594162487199e-07,0.000204539803960305,-5.69852006444239e-05,0
609478f...,random_locations,both,correct_one_square_away,3_4,0.09221273205884,1.12185149086953e-06,0.0327681037066102,0
609478f...,random_locations,both,correct_one_square_away,all,0.048197285298022,0.0294729742811776,0.00996309015398789,0
609478f...,random_locations,both,mouse_error,3_4,8145.02744354276,237.969550893262,0.0565658129920181,1.28648697325993e-06
609478f...,random_locations,both,mouse_error,all,4938.68697852776,241.089716368544,0.0155943070718426,1.86774548660204e-07
609478f...,schema_c,both,correct_exact,3_4,0.0808373141645837,0.109066322282977,-0.0205216841124543,0
609478f...,schema_c,far_pa,correct_exact,3_4,1.36594162487199e-07,0.000204539803960305,-5.69852006444239e-05,0
609478f...,schema_c,near_pa,correct_exact,3_4,0.182084972520389,0.16182468036499,-0.0312708011585575,0
609478f...,schema_c,both,correct_exact,all,0.0201894839789219,0.0550241265358614,-0.0100758120379756,0
609478f...,schema_c,far_pa,correct_exact,all,1.36594162487199e-07,0.000204539803960305,-5.69852006444239e-05,0
609478f...,schema_c,near_pa,correct_exact,all,0.182084972520389,0.16182468036499,-0.0312708011585575,0
609478f...,schema_c,both,correct_one_square_away,3_4,0.207700892738329,0.138220999995245,-0.00434267028234916,0
609478f...,schema_c,far_pa,correct_one_square_away,3_4,1.36594162487199e-07,0.000204539803960305,-5.69852006444239e-05,0
609478f...,schema_c,near_pa,correct_one_square_away,3_4,0.467364771816162,0.206713761290144,-0.00680439561234797,0
609478f...,schema_c,both,correct_one_square_away,all,0.0519214377017386,0.0692935644638944,-0.00208172968817018,0
609478f...,schema_c,far_pa,correct_one_square_away,all,1.36594162487199e-07,0.000204539803960305,-5.69852006444239e-05,0
609478f...,schema_c,near_pa,correct_one_square_away,all,0.467364771816162,0.206713761290144,-0.00680439561234797,0
609478f...,schema_c,both,mouse_error,3_4,8323.57014807159,154.993213551562,0.0016194576704467,19.2943968366003
609478f...,schema_c,far_pa,mouse_error,3_4,12723.0845816718,154.740618723769,0.0429452573878495,4.12773836166412e-08
609478f...,schema_c,near_pa,mouse_error,3_4,17946.8868740967,156.871923064466,-0.0133879293938709,1.96880097125907e-07
609478f...,schema_c,both,mouse_error,all,7335.60375946376,197.373817914942,0.0073286490483643,2.75507600190697e-07
609478f...,schema_c,far_pa,mouse_error,all,11933.1015664656,218.632650608317,0.0166913285658522,3.62568506267058e-07
609478f...,schema_c,near_pa,mouse_error,all,17946.8868740967,156.871923064466,-0.0133879293938709,1.96880097125907e-07
609478f...,schema_ic,both,correct_exact,3_4,1.36594162487199e-07,0.000204539803960305,-5.69852006444239e-05,0
609478f...,schema_ic,far_pa,correct_exact,3_4,1.36594162487199e-07,0.000204539803960305,-5.69852006444239e-05,0
609478f...,schema_ic,near_pa,correct_exact,3_4,1.36594162487199e-07,0.000204539803960305,-5.69852006444239e-05,0
609478f...,schema_ic,both,correct_exact,all,0.0227993464956264,0.041851745732854,-0.00616922475739523,0
609478f...,schema_ic,far_pa,correct_exact,all,1.36594162487199e-07,0.000204539803960305,-5.69852006444239e-05,0
609478f...,schema_ic,near_pa,correct_exact,all,0.204844923045191,0.126072684293431,-0.019763268174632,0
609478f...,schema_ic,both,correct_one_square_away,3_4,0.348370089886646,0.0293143469554485,0.030412540929571,0
609478f...,schema_ic,far_pa,correct_one_square_away,3_4,1.37547179479699,0.0199054298922403,0.082631751578301,0
609478f...,schema_ic,near_pa,correct_one_square_away,3_4,1.36594162487199e-07,0.000204539803960305,-5.69852006444239e-05,0
609478f...,schema_ic,both,correct_one_square_away,all,0.0519099204976971,0.055231159668869,0.00221249255229895,0
609478f...,schema_ic,far_pa,correct_one_square_away,all,0.087483050185527,0.0181187376897072,0.013362649747455,0
609478f...,schema_ic,near_pa,correct_one_square_away,all,0.204844923045191,0.126072684293431,-0.019763268174632,0
609478f...,schema_ic,both,mouse_error,3_4,13648.1465735074,166.143635307334,-0.0259664154052307,1.1997509681859e-05
609478f...,schema_ic,far_pa,mouse_error,3_4,22939.7842441704,201.10987250267,0.624812912400369,132.709795418366
609478f...,schema_ic,near_pa,mouse_error,3_4,71633.0533712406,174.228907426837,-0.0538967797044803,9.99756068140955e-09
609478f...,schema_ic,both,mouse_error,all,5857.67476617305,191.465700388404,-0.906703668004113,191.394475088269
609478f...,schema_ic,far_pa,mouse_error,all,7360.82253936828,268.077126433243,3.6514046232339,199.292203287416
609478f...,schema_ic,near_pa,mouse_error,all,31263.4566926528,146.053455891843,-0.0638596044405947,9.0926400580132e-08
60e43d1...,landmark_schema,both,correct_exact,3_4,0.635875372903042,0.164566660937088,0.158672358867871,0
60e43d1...,landmark_schema,far_pa,correct_exact,3_4,1.85746216531764,0.313500165886762,0.0936633519472796,0
60e43d1...,landmark_schema,near_pa,correct_exact,3_4,1.2539731870708,3.90617470844258e-06,0.235558260258866,0
60e43d1...,landmark_schema,both,correct_exact,all,0.247785119093459,1.00398436175305e-05,0.127421605531126,0
60e43d1...,landmark_schema,far_pa,correct_exact,all,0.428637958182456,0.00979023991385331,0.112018796383636,0
60e43d1...,landmark_schema,near_pa,correct_exact,all,0.341559170335788,1.35105402873776e-08,0.157068907008702,0
60e43d1...,landmark_schema,both,correct_one_square_away,3_4,0.203657936396904,0.55582890016548,0.547664052779946,0
60e43d1...,landmark_schema,far_pa,correct_one_square_away,3_4,0.843495466996415,0.785536597842494,0.157587773113857,0
60e43d1...,landmark_schema,near_pa,correct_one_square_away,3_4,3.92083593183322e-27,4.20220011331193e-18,30.4018452512684,0
60e43d1...,landmark_schema,both,correct_one_square_away,all,0.125055125457719,0.209839047089837,0.555741254966264,0
60e43d1...,landmark_schema,far_pa,correct_one_square_away,all,0.151455837360445,0.310171996711594,0.410570824418082,0
60e43d1...,landmark_schema,near_pa,correct_one_square_away,all,0.285748215669028,1.83571398429017e-07,0.961363683630572,0
60e43d1...,landmark_schema,both,mouse_error,3_4,849.132793648555,55.4617380755279,0.14473799655055,5.18389541209213e-09
60e43d1...,landmark_schema,far_pa,mouse_error,3_4,3492.35072423925,39.3605956619451,0.0257155805364297,9.84735622028877e-08
60e43d1...,landmark_schema,near_pa,mouse_error,3_4,1503.96291489308,100.687072530798,1.5042704333821,21.6073835763931
60e43d1...,landmark_schema,both,mouse_error,all,982.378506665425,211.123737008822,0.898892188962103,31.9081454971674
60e43d1...,landmark_schema,far_pa,mouse_error,all,1066.61197109279,241.376047346458,0.688091417222922,20.4367018526919
60e43d1...,landmark_schema,near_pa,mouse_error,all,4067.0343795405,148.836866147951,2.23649856957547,40.5782189599966
60e43d1...,no_schema,both,correct_exact,3_4,0.253156475553666,0.0550251877861446,0.154161453704088,0
60e43d1...,no_schema,both,correct_exact,all,0.140147542518388,0.227560077217344,0.0746794405681416,0
60e43d1...,no_schema,both,correct_one_square_away,3_4,0.224844751421236,0.00195528405160985,1.14446455887947,0
60e43d1...,no_schema,both,correct_one_square_away,all,0.225286402387924,0.0419234357452834,0.825373351654523,0
60e43d1...,no_schema,both,mouse_error,3_4,6135.55198872666,190.087007653967,2.05630906962933,50.5987103602664
60e43d1...,no_schema,both,mouse_error,all,1868.35786987189,198.097948444324,2.07124954541055,41.745458849579
60e43d1...,random_locations,both,correct_exact,3_4,1.36594162487199e-07,0.000204539803960305,-5.69852006444239e-05,0
60e43d1...,random_locations,both,correct_exact,all,0.10379929980771,2.10455473099755e-06,0.0659643384696392,0
60e43d1...,random_locations,both,correct_one_square_away,3_4,0.0722991816842002,2.47359275687547e-06,0.131768880486488,0
60e43d1...,random_locations,both,correct_one_square_away,all,0.0906527056006657,4.1803182446244e-06,0.180751695114781,0
60e43d1...,random_locations,both,mouse_error,3_4,13068.3794089096,192.17971611844,0.226313493202036,41.2380809988756
60e43d1...,random_locations,both,mouse_error,all,2923.48433591682,195.249329209585,0.202837461096594,2.25420743041434e-09
60e43d1...,schema_c,both,correct_exact,3_4,0.154415158213277,4.99411718899984e-05,0.0399339892272838,0
60e43d1...,schema_c,far_pa,correct_exact,3_4,1.29764625023781,1.43169658242134e-05,0.088629852265585,0
60e43d1...,schema_c,near_pa,correct_exact,3_4,0.204876140422142,0.000125822585685292,0.0189358043377435,0
60e43d1...,schema_c,both,correct_exact,all,0.186437292001617,0.107303311518742,0.0127381188504329,0
60e43d1...,schema_c,far_pa,correct_exact,all,0.46706328476001,0.163685990062873,0.0083019778007666,0
60e43d1...,schema_c,near_pa,correct_exact,all,0.204876140422142,0.000125822585685292,0.0189358043377435,0
60e43d1...,schema_c,both,correct_one_square_away,3_4,0.293322784437075,4.13134491815479e-06,0.39400361986809,0
60e43d1...,schema_c,far_pa,correct_one_square_away,3_4,0.571159134203212,4.0235569482506e-07,0.378750909033318,0
60e43d1...,schema_c,near_pa,correct_one_square_away,3_4,0.320013395832086,1.31635853739541e-07,0.384755593642516,0
60e43d1...,schema_c,both,correct_one_square_away,all,0.113925245574502,1.90349692391858e-07,0.503022251168945,0
60e43d1...,schema_c,far_pa,correct_one_square_away,all,0.119651647125534,2.78143184819843e-07,0.593420537751188,0
60e43d1...,schema_c,near_pa,correct_one_square_away,all,0.320013395832086,1.31635853739541e-07,0.384755593642516,0
60e43d1...,schema_c,both,mouse_error,3_4,282.695258140191,200.420347268702,1.05513830477211,36.2052949909907
60e43d1...,schema_c,far_pa,mouse_error,3_4,2817.21024946646,112.589050837824,0.531754965046871,30.024784130744
60e43d1...,schema_c,near_pa,mouse_error,3_4,369.979611368439,247.352624568678,1.31432477765635,38.4910550456968
60e43d1...,schema_c,both,mouse_error,all,256.578229804566,226.836622364118,1.34296202559796,39.2932935868603
60e43d1...,schema_c,far_pa,mouse_error,all,709.574306398178,216.553814081715,1.35322114723879,39.4234624994874
60e43d1...,schema_c,near_pa,mouse_error,all,369.979611368439,247.352624568678,1.31432477765635,38.4910550456968
60e43d1...,schema_ic,both,correct_exact,3_4,0.247025895586791,0.0663911782965206,0.341708054654204,0
60e43d1...,schema_ic,far_pa,correct_exact,3_4,0.779279505567606,5.1657748107745e-07,0.254102088477812,0
60e43d1...,schema_ic,near_pa,correct_exact,3_4,1.00000000000014,1.26698978459388e-10,14.8083513319922,0
60e43d1...,schema_ic,both,correct_exact,all,0.0186511978893161,9.93544235714617e-06,0.153314282507635,0
60e43d1...,schema_ic,far_pa,correct_exact,all,0.256974448273009,1.36103480910469e-06,0.115174724254757,0
60e43d1...,schema_ic,near_pa,correct_exact,all,0.870547371701073,0.168903732756541,0.220607216606794,0
60e43d1...,schema_ic,both,correct_one_square_away,3_4,0.273095147273486,0.0293532141625855,0.507732834518865,0
60e43d1...,schema_ic,far_pa,correct_one_square_away,3_4,0.571159134203212,4.0235569482506e-07,0.378750909033318,0
60e43d1...,schema_ic,near_pa,correct_one_square_away,3_4,1.00000000000014,1.26698978459388e-10,14.8083513319922,0
60e43d1...,schema_ic,both,correct_one_square_away,all,0.0674050233297724,0.00100338320314141,0.672917031890302,0
60e43d1...,schema_ic,far_pa,correct_one_square_away,all,0.153719968933093,7.55969724448068e-08,0.508466183442251,0
60e43d1...,schema_ic,near_pa,correct_one_square_away,all,0.25,1.10408121243578e-10,19.3283423464871,0
60e43d1...,schema_ic,both,mouse_error,3_4,1026.00854860505,207.742920379809,0.779531257221665,15.2815477998799
60e43d1...,schema_ic,far_pa,mouse_error,3_4,4786.39890363638,185.018352714804,0.385185716231207,8.36104655676624e-10
60e43d1...,schema_ic,near_pa,mouse_error,3_4,3208.96580298595,262.400486561796,34.732203751398,23.7053275050554
60e43d1...,schema_ic,both,mouse_error,all,150.613592603989,218.459302162181,1.01721849051268,21.1525829463846
60e43d1...,schema_ic,far_pa,mouse_error,all,34.4715719802946,224.663520416356,0.736790822384636,16.1695111758132
60e43d1...,schema_ic,near_pa,mouse_error,all,1143.36080285099,208.940299546234,3.03139550341019,22.8693772914969
615a170...,landmark_schema,both,correct_exact,3_4,0.349851563359262,0.210509216149975,-0.028737754083237,0
615a170...,landmark_schema,far_pa,correct_exact,3_4,0.731341144547916,0.311786860037527,-0.0655444739953109,0
615a170...,landmark_schema,near_pa,correct_exact,3_4,0.868117188848451,0.0762154923499773,0.0157129801289446,0
615a170...,landmark_schema,both,correct_exact,all,0.0952586172879151,0.0153412139305125,0.0207479145171239,0
615a170...,landmark_schema,far_pa,correct_exact,all,0.214733154974417,0.00581630973845017,0.0269562173033397,0
615a170...,landmark_schema,near_pa,correct_exact,all,0.217161320292324,0.0401621846599007,0.00676252795594819,0
615a170...,landmark_schema,both,correct_one_square_away,3_4,0.129781706402392,0.0166503481527877,0.453631679396356,0
615a170...,landmark_schema,far_pa,correct_one_square_away,3_4,3.92083593183322e-27,4.20220011331193e-18,30.4018452512684,0
615a170...,landmark_schema,near_pa,correct_one_square_away,3_4,0.779279505567606,5.1657748107745e-07,0.254102088477812,0
615a170...,landmark_schema,both,correct_one_square_away,all,0.12422258427526,0.0888215849932746,0.245446275500726,0
615a170...,landmark_schema,far_pa,correct_one_square_away,all,0.219538179703649,0.199097686978437,0.251653196374241,0
615a170...,landmark_schema,near_pa,correct_one_square_away,all,0.462868242499417,1.25117964301778e-08,0.206320790824195,0
615a170...,landmark_schema,both,mouse_error,3_4,9035.95324911742,281.820213912937,0.716811699507666,32.5891307076614
615a170...,landmark_schema,far_pa,mouse_error,3_4,982.419328221294,21.8437442940754,-0.0601665094491488,7.36274342368319e-08
615a170...,landmark_schema,near_pa,mouse_error,3_4,24915.7158486269,310.129477591186,0.328136400080442,2.10171529487254e-10
615a170...,landmark_schema,both,mouse_error,all,578.079401710018,159.36538099375,0.588082070313279,46.1483433159682
615a170...,landmark_schema,far_pa,mouse_error,all,363.662511367779,151.009706056452,2.49653982922269,52.8619641381087
615a170...,landmark_schema,near_pa,mouse_error,all,5374.60999465395,195.310192267923,0.229765675392288,1.71194963262503e-09
615a170...,no_schema,both,correct_exact,3_4,0.201979228496831,0.168911317649654,-0.0145494948008037,0
615a170...,no_schema,both,correct_exact,all,0.167727244172856,0.034134547179563,0.0436090308008716,0
615a170...,no_schema,both,correct_one_square_away,3_4,0.389914635120819,0.422968790009324,0.306450634659558,0
615a170...,no_schema,both,correct_one_square_away,all,0.215976272483718,0.332521302425946,0.288438637931393,0
615a170...,no_schema,both,mouse_error,3_4,1042.89079299081,85.8010800935316,0.22084372507262,20.5703567924632
615a170...,no_schema,both,mouse_error,all,615.570731346579,132.618140458365,0.447207296871423,27.4501953338013
615a170...,random_locations,both,correct_exact,3_4,0.191637280095436,0.0532982558095295,0.022902588960246,0
615a170...,random_locations,both,correct_exact,all,0.153299928561062,0.0181624144835024,0.0645917590152657,0
615a170...,random_locations,both,correct_one_square_away,3_4,0.222439729992203,1.74884910299097e-08,0.601814463517301,0
615a170...,random_locations,both,correct_one_square_away,all,0.0543366609488854,3.58640145731561e-07,0.616661251456527,0
615a170...,random_locations,both,mouse_error,3_4,2142.63042207517,182.820079946799,2.00340265203146,47.4808573234423
615a170...,random_locations,both,mouse_error,all,487.772173157065,233.879430023507,1.05365344196594,36.7643695550327
615a170...,schema_c,both,correct_exact,3_4,0.0826462460510768,1.86383294740614e-06,0.0475226892956197,0
615a170...,schema_c,far_pa,correct_exact,3_4,1.36594162487199e-07,0.000204539803960305,-5.69852006444239e-05,0
615a170...,schema_c,near_pa,correct_exact,3_4,0.194798549326553,4.00766730131435e-06,0.0746964580565686,0
615a170...,schema_c,both,correct_exact,all,0.0221706621769003,2.60192318630596e-06,0.0513420491566648,0
615a170...,schema_c,far_pa,correct_exact,all,0.0708637795793357,4.99411718899984e-05,0.0399339892272838,0
615a170...,schema_c,near_pa,correct_exact,all,0.194798549326553,4.00766730131435e-06,0.0746964580565686,0
615a170...,schema_c,both,correct_one_square_away,3_4,0.129074115632172,0.0754635474654831,0.301891714777321,0
615a170...,schema_c,far_pa,correct_one_square_away,3_4,3.92083593183322e-27,4.20220011331193e-18,30.4018452512684,0
615a170...,schema_c,near_pa,correct_one_square_away,3_4,0.238949763304065,1.26865750637297e-05,0.196165585058333,0
615a170...,schema_c,both,correct_one_square_away,all,0.0337476633181737,0.00998961645085546,0.422522802458767,0
615a170...,schema_c,far_pa,correct_one_square_away,all,0.0200027988963141,0.00361176205761455,0.659740697299635,0
615a170...,schema_c,near_pa,correct_one_square_away,all,0.238949763304065,1.26865750637297e-05,0.196165585058333,0
615a170...,schema_c,both,mouse_error,3_4,1935.1218739184,190.298947525007,1.44084723108753,55.8579949823339
615a170...,schema_c,far_pa,mouse_error,3_4,197.277537928693,268.070962682403,1.79610057332451,32.2998326659297
615a170...,schema_c,near_pa,mouse_error,3_4,3299.88362945056,137.988104919691,0.278976367694637,36.4580692192959
615a170...,schema_c,both,mouse_error,all,471.865999679424,172.490695264861,0.466430917624873,28.1684402160773
615a170...,schema_c,far_pa,mouse_error,all,2229.03938353044,187.7948553733,0.483771825935496,17.1584521730221
615a170...,schema_c,near_pa,mouse_error,all,3299.88362945056,137.988104919691,0.278976367694637,36.4580692192959
615a170...,schema_ic,both,correct_exact,3_4,0.284465903055614,0.205720886673952,0.0720991364736253,0
615a170...,schema_ic,far_pa,correct_exact,3_4,1.29764625023781,1.43169658242134e-05,0.088629852265585,0
615a170...,schema_ic,near_pa,correct_exact,3_4,1.9768013717505,0.415962875930972,0.0458709952524373,0
615a170...,schema_ic,both,correct_exact,all,0.166047858164436,0.0253458779377964,0.0980872845587143,0
615a170...,schema_ic,far_pa,correct_exact,all,0.438626325870056,4.29153441028227e-07,0.125129122734069,0
615a170...,schema_ic,near_pa,correct_exact,all,0.494065499335283,0.207850911095316,0.0158151992941735,0
615a170...,schema_ic,both,correct_one_square_away,3_4,0.475264677272307,0.291788604078194,0.521087427753202,0
615a170...,schema_ic,far_pa,correct_one_square_away,3_4,0.330455534170145,4.76365947488582e-07,0.643427568364433,0
615a170...,schema_ic,near_pa,correct_one_square_away,3_4,0.748949883226137,0.648037944151085,0.337796339667259,0
615a170...,schema_ic,both,correct_one_square_away,all,0.0462166616119218,0.111861878924306,0.491845931957273,0
615a170...,schema_ic,far_pa,correct_one_square_away,all,0.0649456749945685,3.38472891042892e-06,0.469240419290726,0
615a170...,schema_ic,near_pa,correct_one_square_away,all,0.298859945537761,0.477310769093669,0.464610659158609,0
615a170...,schema_ic,both,mouse_error,3_4,2178.40400560583,69.9787751238612,0.156554397409341,1.94910887110797e-08
615a170...,schema_ic,far_pa,mouse_error,3_4,1069.7829710672,85.8483249669235,0.314942427745821,19.5781598194561
615a170...,schema_ic,near_pa,mouse_error,3_4,5736.02347761596,58.0869861104369,0.130035532860868,7.18356607229744e-09
615a170...,schema_ic,both,mouse_error,all,795.664575326797,137.575360800176,0.416111801423023,15.7584075800239
615a170...,schema_ic,far_pa,mouse_error,all,1563.66603798243,162.213778799986,0.443662822715246,12.9536938216351
615a170...,schema_ic,near_pa,mouse_error,all,784.423670950287,89.0159894245517,0.320157182723064,20.9613240316988
